0,563
0,472
0,560
0,559
0,386
0,273
0,270
3,2
3,1
3,3
10,147
10,239
10,205
10,15
10,271
10,129
10,121
10,1
10,35
10,2
10,3
11,25
11,23
11,21
11,19
11,7
11,27
11,29
11,1
11,11
11,2
11,3
9,7
9,1
9,5
9,2
9,3
8,7
8,5
8,16
8,14
8,6
8,13
8,1
8,18
8,2
8,3
12,2
12,1
12,3
20,2
20,1
20,3
19,2
19,1
19,3
18,1
18,3
14,1
14,3
13,1
13,3
2,2
2,1
2,3
276,4
276,3
276,2
276,1
276,0
274,4
274,3
274,2
274,1
274,0
272,3
272,2
272,1
272,0
271,3
271,2
271,1
271,0
270,3
270,2
270,1
270,0
269,4
269,3
269,2
269,1
269,0
267,4
267,3
267,2
267,1
267,0
265,3
265,2
265,1
265,0
262,5
262,4
262,3
262,2
262,1
262,0
261,3
261,2
261,1
